index	country	year	gdp	infrate	trade	schooling	invest60	invest70	invest80	industry	pop	deflator_fred
1	"USA"	1960	2879		9.693181037902832	43.79999923706055					180671	15.495
1	"USA"	1961	2929	1.0751819610595703	9.44465446472168						183692	15.66
1	"USA"	1962	3103	1.1160709857940674	9.42932415008545						186538	15.85
1	"USA"	1963	3227	1.214128017425537	9.47070598602295						189242	16.032
1	"USA"	1964	3420	1.30861496925354	9.725878715515137						191889	16.276
1	"USA"	1965	3667	1.6684609651565552	9.7303466796875	43.79999923706055					194303	16.574
1	"USA"	1966	3974	2.990999937057495	10.0975923538208						196560	17.039
1	"USA"	1967	4154	2.7756359577178955	10.208102226257324						198712	17.533
1	"USA"	1968	4494	4.217720985412598	10.593936920166016						200706	18.28
1	"USA"	1969	4805	5.414700984954834	10.63563346862793						202677	19.176
1	"USA"	1970	4999	5.895296096801758	11.388641357421875	44.400001525878906					205052	20.189
1	"USA"	1971	5362	4.255928993225098	11.367575645446777					34.508628845214844	207661	21.212
1	"USA"	1972	5838	3.305614948272705	11.967158317565918					34.44429016113281	209896	22.13
1	"USA"	1973	6464	6.220064163208008	13.7135648727417					34.37520980834961	211909	23.342
1	"USA"	1974	6951	11.035260200500488	17.31613540649414					34.03606033325195	213854	25.443
1	"USA"	1975	7519	9.131930351257324	16.379690170288086	42.599998474121094				33.225669860839844	215973	27.8
1	"USA"	1976	8300	5.737027168273926	16.873659133911133					33.76084899902344	218035	29.33
1	"USA"	1977	9146	6.486460208892822	17.220590591430664					34.26464080810547	220239	31.152
1	"USA"	1978	10229	7.647463798522949	17.806190490722656					34.0372314453125	222585	33.343
1	"USA"	1979	11306	11.266039848327637	19.280546188354492					33.62648010253906	225056	36.11
1	"USA"	1980	12186	13.509369850158691	21.081579208374023	62.900001525878906	0.2388399988412857	0.24568000435829163	22.375999450683594	33.51438903808594	227225	39.371
1	"USA"	1981	13533	10.315529823303223	20.36324119567871					34.088279724121094	229466	43.097
1	"USA"	1982	13940	6.160615921020508	18.471620559692383					32.909690856933594	231665	45.759
1	"USA"	1983	15008	3.212435007095337	17.62430763244629					31.49721908569336	233792	47.552
1	"USA"	1984	16549	4.3172688484191895	18.57701301574707					31.872779846191406	235825	49.267
1	"USA"	1985	17600	3.5611159801483154	17.64240837097168	57.400001525878906				30.864519119262695	237924	50.826
1	"USA"	1986	18439	1.8587360382080078	17.954124450683594					29.443260192871094	240133	51.849
1	"USA"	1987	19407	3.7408759593963623	19.116186141967773					29.199729919433594	242289	53.134
1	"USA"	1988	20711	4.009088039398193	20.33081817626953					29.606489181518555	244499	55.008
1	"USA"	1989	22047	4.827003002166748	20.73029327392578					28.61903953552246	246819	57.165
1	"USA"	1990	23064	5.397955894470215	21.187950134277344	44.400001525878906				27.85032081604004	249623	59.305
1	"USA"	1991	23507	4.234963893890381	21.26634979248047					26.620059967041016	252981	61.31
1	"USA"	1992	24509	3.028820037841797	21.54220962524414					25.728429794311523	256514	62.707
1	"USA"	1993	25409	2.9516570568084717	21.557649612426758					25.610010147094727	259919	64.194
1	"USA"	1994	26670	2.6074419021606445	22.61821937561035					26.082950592041016	263126	65.564
1	"USA"	1995	27574	2.805419921875	24.27397918701172	44.599998474121094				26.292850494384766	266278	66.939
1	"USA"	1996	28814	2.931204080581665	24.582469940185547					25.785400390625	269394	68.164
1	"USA"	1997	30262	2.3376901149749756	25.59153938293457					25.38429069519043	272647	69.34
1	"USA"	1998	31519	1.552278995513916	24.690568923950195					25.018840789794922	275854	70.119
1	"USA"	1999	33028	2.1880269050598145						24.72504997253418	279040	71.111
1	"USA"	2000	34603	3.376857042312622		39.599998474121094				24.44348907470703	282192	72.722
1	"USA"	2001	35341	2.8261709213256836						23.048580169677734	285102	74.36
1	"USA"	2002	36180	1.5860320329666138							287941	75.515
1	"USA"	2003	37548	2.270095109939575							290789	77.006
2	"UK"	1960	2158		43.255470275878906	24.5					52373	
2	"UK"	1961	2216	3.5794179439544678	41.533241271972656						52807	
2	"UK"	1962	2276	4.103672027587891	40.404632568359375						53292	
2	"UK"	1963	2386	2.0746889114379883	40.406585693359375						53625	
2	"UK"	1964	2534	3.2113819122314453	40.51876449584961						53991	
2	"UK"	1965	2660	4.8050408363342285	39.225337982177734	26.5					54350	
2	"UK"	1966	2794	3.9083049297332764	38.96463394165039						54643	
2	"UK"	1967	2923	2.4231460094451904	39.31318664550781						54959	
2	"UK"	1968	3173	4.731637954711914	43.665130615234375						55214	
2	"UK"	1969	3391	5.461902141571045	44.03898239135742						55461	
2	"UK"	1970	3615	6.361893177032471	45.247737884521484	28.899999618530273					55632	
2	"UK"	1971	3854	9.407875061035156	44.93339920043945					43.078590393066406	55907	
2	"UK"	1972	4149	7.087912082672119	43.559043884277344					42.560081481933594	56079	
2	"UK"	1973	4683	9.209851264953613	49.80358123779297					42.135398864746094	56210	
2	"UK"	1974	5036	15.903220176696777	60.962120056152344					41.623748779296875	56224	
2	"UK"	1975	5481	24.23508071899414	53.56206130981445	31				40.48817825317383	56215	
2	"UK"	1976	5953	16.532550811767578	58.1697883605957					41.08992004394531	56206	
2	"UK"	1977	6489	15.881979942321777	59.42041778564453					41.33041000366211	56179	
2	"UK"	1978	7176	8.215962409973145	55.65679168701172					41.4658088684082	56167	
2	"UK"	1979	7973	13.465709686279297	55.69035339355469					41.82387161254883	56227	
2	"UK"	1980	8502	17.970590591430664	52.326873779296875	32.900001525878906	0.20080000162124634	0.2260199934244156	17.58799934387207	42.34629821777344	56330	
2	"UK"	1981	9161	11.879830360412598	50.51420974731445					41.89466094970703	56358	
2	"UK"	1982	9917	8.590529441833496	50.75240707397461					41.49169158935547	56291	
2	"UK"	1983	10669	4.607017993927002	52.09130096435547					40.901451110839844	56316	
2	"UK"	1984	11336	4.953409194946289	57.004329681396484					40.38235855102539	56409	
2	"UK"	1985	12068	6.065421104431152	56.62236404418945	35.70000076293945				39.762779235839844	56554	
2	"UK"	1986	12795	3.42761492729187	52.056396484375					39.13433837890625	56684	
2	"UK"	1987	13717	4.148918151855469	51.93616485595703					38.030521392822266	56804	
2	"UK"	1988	14864	4.907976150512695	49.6491813659668					37.212989807128906	56917	
2	"UK"	1989	15716	7.797270774841309	51.6456298828125					36.629669189453125	57077	
2	"UK"	1990	16397	9.475587844848633	51.46746063232422	38.5				35.17424011230469	57238	
2	"UK"	1991	16681	5.853981018066406	48.209381103515625					33.127010345458984	57439	
2	"UK"	1992	17069	3.7326009273529053	49.34975814819336					31.88966941833496	57585	
2	"UK"	1993	17845	1.5644739866256714	52.593631744384766					31.27092933654785	57714	
2	"UK"	1994	18975	2.476449966430664	54.25775909423828					31.693330764770508	57862	
2	"UK"	1995	19860	3.4109959602355957	57.8968391418457	39.900001525878906				31.99648094177246	58025	
2	"UK"	1996	20923	2.4487059116363525	59.849578857421875					31.867259979248047	58164	
2	"UK"	1997	22280	3.1323330402374268	57.84053039550781					31.074129104614258	58314	
2	"UK"	1998	23206	3.4181699752807617	55.98906326293945					29.460920333862305	58475	
2	"UK"	1999	23959	1.5553849935531616						28.598770141601562	58684	
2	"UK"	2000	25583	2.9270999431610107		39.099998474121094				28.47661018371582	58886	
2	"UK"	2001	27026	1.8208520412445068						27.47551918029785	59114	
2	"UK"	2002	28969	1.6344579458236694						26.990379333496094	59322	
2	"UK"	2003	29609	2.9136319160461426						26.590160369873047	59554	
3	"Austria"	1960	1796		48.126094818115234	48.70000076293945					7047	
3	"Austria"	1961	1899	3.5422561168670654	46.52595901489258						7087	
3	"Austria"	1962	1977	4.381784915924072	47.17101287841797						7130	
3	"Austria"	1963	2074	2.7087700366973877	47.97725296020508						7176	
3	"Austria"	1964	2224	3.8685710430145264	48.415096282958984						7224	
3	"Austria"	1965	2336	4.930911064147949	49.61330032348633	47.599998474121094					7271	
3	"Austria"	1966	2537	2.2058820724487305	50.316410064697266						7322	
3	"Austria"	1967	2668	3.9749999046325684	49.68385314941406						7377	
3	"Austria"	1968	2908	2.7731029987335205	50.41091537475586						7415	
3	"Austria"	1969	3239	3.08040189743042	54.232513427734375						7441	
3	"Austria"	1970	3732	4.3728251457214355	59.71196365356445	46.5					7467	
3	"Austria"	1971	4100	4.704261779785156	59.185367584228516					41.218509674072266	7500	
3	"Austria"	1972	4513	6.362062931060791	59.090919494628906					41.525630950927734	7544	
3	"Austria"	1973	4969	7.524082183837891	59.262428283691406					42.236820220947266	7586	
3	"Austria"	1974	5622	9.521791458129883	64.81172943115234					42.26026916503906	7599	
3	"Austria"	1975	6147	8.445255279541016	61.59815216064453	45.599998474121094				40.12813949584961	7579	
3	"Austria"	1976	6810	7.318688869476318	65.17086791992188					39.39789962768555	7566	
3	"Austria"	1977	7588	5.474999904632568	65.20968627929688					39.05883026123047	7568	
3	"Austria"	1978	8117	3.5790469646453857	64.74066925048828					39.23564910888672	7562	
3	"Austria"	1979	9288	3.7070939540863037	69.69871520996094					38.17720031738281	7549	
3	"Austria"	1980	10312	6.325389862060547	73.99585723876953	61.79999923706055	0.2633799910545349	0.3110400140285492	26.642000198364258	38.09646987915039	7549	
3	"Austria"	1981	11242	6.806861877441406	76.07967376708984					37.830848693847656	7564	
3	"Austria"	1982	12148	5.440413951873779	71.68455505371094					36.90459060668945	7571	
3	"Austria"	1983	13048	3.335381031036377	70.53411102294922					36.410430908203125	7552	
3	"Austria"	1984	13533	5.6648640632629395	75.5126953125					35.2359504699707	7553	
3	"Austria"	1985	14296	3.1896939277648926	79.06573486328125	60				35.58243942260742	7558	
3	"Austria"	1986	14921	1.7009210586547852	70.92528533935547					35.29153060913086	7566	
3	"Austria"	1987	15549	1.399999976158142	69.63399505615234					34.791961669921875	7576	
3	"Austria"	1988	16595	1.9312950372695923	74.93547058105469					34.58338928222656	7596	
3	"Austria"	1989	17768	2.5638959407806396	78.90684509277344					34.1114501953125	7624	
3	"Austria"	1990	19070	3.262321949005127	79.0296630859375	57.900001525878906				34.110530853271484	7718	
3	"Austria"	1991	20172	3.33434796333313	78.76909637451172					33.98060989379883	7823	
3	"Austria"	1992	20960	4.029763221740723	76.0029067993164					33.03324890136719	7884	
3	"Austria"	1993	21220	3.6258060932159424	73.35832977294922					32.18622970581055	7993	
3	"Austria"	1994	22139	2.9590649604797363	75.14964294433594					32.13827896118164	8031	
3	"Austria"	1995	22976	2.2500998973846436	77.78494262695312	55.70000076293945				32.449649810791016	8047	
3	"Austria"	1996	24008	1.8435570001602173	80.7439193725586					32.29561996459961	8059	
3	"Austria"	1997	24472	1.3250000476837158	85.25792694091797					32.72697830200195	8072	
3	"Austria"	1998	25314	0.9046797156333923						32.84259033203125	8078	
3	"Austria"	1999	26558	0.5623930096626282						32.900028228759766	8092	
3	"Austria"	2000	28359	2.350461959838867		55				32.77484893798828	8110	
3	"Austria"	2001	28855	2.6599619388580322						32.16859817504883	8132	
3	"Austria"	2002	29942	1.8102120161056519						31.984779357910156	8084	
3	"Austria"	2003	30796	1.3634190559387207						31.73712921142578	8118	
4	"Belgium"	1960	1782		77.34178161621094	27.100000381469727					9154	
4	"Belgium"	1961	1883	0.983146071434021	80.01627349853516						9184	
4	"Belgium"	1962	2018	1.4047290086746216	82.43775939941406						9221	
4	"Belgium"	1963	2122	2.1533401012420654	85.66539001464844						9290	
4	"Belgium"	1964	2288	4.1756181716918945	86.62045288085938						9378	
4	"Belgium"	1965	2414	4.059802055358887	85.26190948486328	28.5					9464	
4	"Belgium"	1966	2559	4.173892021179199	89.37012481689453						9528	
4	"Belgium"	1967	2719	2.9128520488739014	86.2396469116211						9581	
4	"Belgium"	1968	2958	2.703326940536499	90.62301635742188						9619	
4	"Belgium"	1969	3308	3.745781898498535	97.94963836669922						9646	
4	"Belgium"	1970	3797	3.914128065109253	100.42813110351562	28.700000762939453					9656	
4	"Belgium"	1971	4129	4.3405680656433105	97.97509765625					42.50226974487305	9673	
4	"Belgium"	1972	4512	5.447500228881836	97.54891967773438					41.944149017333984	9711	
4	"Belgium"	1973	5039	6.955277919769287	107.77507019042969					42.51509094238281	9742	
4	"Belgium"	1974	5707	12.677889823913574	120.51753234863281					43.29301071166992	9772	
4	"Belgium"	1975	6146	12.768199920654297	104.77954864501953	30.299999237060547				40.01700973510742	9801	
4	"Belgium"	1976	6854	9.158699989318848	110.83810424804688					40.133949279785156	9818	
4	"Belgium"	1977	7326	7.1108479499816895	109.53759765625					39.49528121948242	9830	
4	"Belgium"	1978	8056	4.470594882965088	105.68562316894531					38.4570198059082	9840	
4	"Belgium"	1979	8921	4.469083786010742	116.28984832763672					38.2092399597168	9848	
4	"Belgium"	1980	10156	6.650975227355957	117.16876220703125	31.600000381469727	0.26864001154899597	0.2824600040912628	21.875999450683594	36.84375	9859	
4	"Belgium"	1981	11079	7.628273963928223	126.35263061523438					34.465171813964844	9859	
4	"Belgium"	1982	11827	8.725851058959961	134.4236602783203					34.40620040893555	9856	
4	"Belgium"	1983	12334	7.663370132446289	137.1891326904297					34.14059066772461	9856	
4	"Belgium"	1984	13113	6.347517013549805	146.64285278320312					33.48085021972656	9855	
4	"Belgium"	1985	13735	4.86767578125	140.5551300048828	32.599998474121094				34.2135009765625	9858	
4	"Belgium"	1986	14292	1.2955009937286377	126.7110366821289					33.229148864746094	9862	
4	"Belgium"	1987	15013	1.5544830560684204	122.64662170410156					32.10179901123047	9870	
4	"Belgium"	1988	16209	1.1620509624481201	129.2056121826172					32.880889892578125	9902	
4	"Belgium"	1989	17345	3.105449914932251	138.38467407226562					33.22943115234375	9938	
4	"Belgium"	1990	18526	3.4528229236602783	134.00657653808594	32.599998474121094				32.66429901123047	9967	
4	"Belgium"	1991	19453	3.2085518836975098	130.82640075683594					30.661619186401367	10005	
4	"Belgium"	1992	20123	2.4299139976501465	126.43596649169922					30.110929489135742	10045	
4	"Belgium"	1993	20308	2.753962993621826	120.23799133300781					28.99867057800293	10085	
4	"Belgium"	1994	21340	2.3777990341186523	125.53787994384766					28.92363929748535	10116	
4	"Belgium"	1995	22248	1.4668140411376953	129.3606719970703	30.5				29.5344295501709	10137	
4	"Belgium"	1996	22687	2.0589189529418945	131.8749542236328					29.14130973815918	10157	
4	"Belgium"	1997	23416	1.6274590492248535	141.3143768310547					29.257810592651367	10181	
4	"Belgium"	1998	24164	0.953622579574585	149.68240356445312					28.639530181884766	10203	
4	"Belgium"	1999	24792	1.1192419528961182						27.953920364379883	10226	
4	"Belgium"	2000	26631	2.54624605178833		28				28.089519500732422	10251	
4	"Belgium"	2001	28001	2.4712729454040527						27.25737953186035	10287	
4	"Belgium"	2002	29330	1.6434539556503296						27.01091957092285	10333	
4	"Belgium"	2003	30082	1.591312050819397						26.484779357910156	10376	
5	"Denmark"	1960	2329		65.78219604492188	46.099998474121094					4581	
5	"Denmark"	1961	2485	3.4516289234161377	61.540672302246094						4612	
5	"Denmark"	1962	2665	7.377820014953613	60.337379455566406						4648	
5	"Denmark"	1963	2700	6.105032920837402	60.41604232788086						4685	
5	"Denmark"	1964	2980	3.092782974243164	61.6781005859375						4722	
5	"Denmark"	1965	3177	5.449999809265137	61.38874053955078	45.5					4760	
5	"Denmark"	1966	3377	7.06496000289917	59.87274169921875						4800	
5	"Denmark"	1967	3580	8.207853317260742	57.85472869873047						4838	
5	"Denmark"	1968	3892	7.953615188598633	57.8798942565918						4866	
5	"Denmark"	1969	4352	3.4879310131073	58.468326568603516						4892	
5	"Denmark"	1970	4541	6.51483678817749	60.321807861328125	44.5					4929	
5	"Denmark"	1971	4858	5.869876861572266	58.494747161865234					31.78034019470215	4963	
5	"Denmark"	1972	5262	6.562347888946533	54.942623138427734					31.531469345092773	4992	
5	"Denmark"	1973	5719	9.303388595581055	60.46510314941406					30.284730911254883	5022	
5	"Denmark"	1974	6121	15.275199890136719	68.13898468017578					29.587039947509766	5045	
5	"Denmark"	1975	6565	9.605613708496094	62.6506462097168	44.900001525878906				29.250560760498047	5060	
5	"Denmark"	1976	7371	9	63.94929504394531					28.24987030029297	5073	
5	"Denmark"	1977	7901	11.139140129089355	62.842952728271484					28.022029876708984	5088	
5	"Denmark"	1978	8585	10.008939743041992	59.208858489990234					27.56307029724121	5104	
5	"Denmark"	1979	9566	9.611055374145508	62.885948181152344					26.880640029907227	5117	
5	"Denmark"	1980	10362	12.305319786071777	68.16064453125	43.400001525878906	0.2934400141239166	0.3328399956226349	22.217998504638672	28.23314094543457	5123	
5	"Denmark"	1981	11106	11.791589736938477	74.18737030029297					26.57710075378418	5122	
5	"Denmark"	1982	12115	10.089940071105957	74.13429260253906					26.75724983215332	5118	
5	"Denmark"	1983	12822	6.907309055328369	72.48873138427734					26.98975944519043	5114	
5	"Denmark"	1984	13777	6.322079181671143	73.97858428955078					27.29058074951172	5112	
5	"Denmark"	1985	14698	4.652379035949707	74.85047149658203	42.5				27.620630264282227	5114	
5	"Denmark"	1986	15608	3.7212789058685303	66.16890716552734					28.24608039855957	5121	
5	"Denmark"	1987	16024	3.9850709438323975	62.58148193359375					27.918020248413086	5127	
5	"Denmark"	1988	16766	4.5501909255981445	63.53234100341797					27.086090087890625	5130	
5	"Denmark"	1989	17418	4.784052848815918	67.06668853759766					27.020679473876953	5133	
5	"Denmark"	1990	18237	2.6527159214019775	66.58467864990234	49.900001525878906				26.54429054260254	5141	
5	"Denmark"	1991	19070	2.367959976196289	68.53211212158203					26.169559478759766	5154	
5	"Denmark"	1992	19829	2.1019809246063232	66.43089294433594					26.345340728759766	5171	
5	"Denmark"	1993	20199	1.250985026359558	63.97608947753906					25.190120697021484	5189	
5	"Denmark"	1994	21691	1.9943569898605347	65.6126708984375					25.311540603637695	5206	
5	"Denmark"	1995	22693	2.098436117172241	66.71785736083984	47				25.757509231567383	5233	
5	"Denmark"	1996	23781	2.1113600730895996	66.07380676269531					25.951129913330078	5263	
5	"Denmark"	1997	24878	2.195791006088257	68.58706665039062					26.045150756835938	5285	
5	"Denmark"	1998	25669	1.8531780242919922						26.000640869140625	5304	
5	"Denmark"	1999	27113	2.478684902191162						26.222299575805664	5322	
5	"Denmark"	2000	28798	2.924778938293457		46.5				27.18490982055664	5340	
5	"Denmark"	2001	29837	2.3499999046325684						26.28203010559082	5359	
5	"Denmark"	2002	30318	2.4263150691986084						26.40066909790039	5374	
5	"Denmark"	2003	30853	2.0906200408935547						26.4053897857666	5387	
6	"France"	1960	1858		26.91962242126465	25.700000762939453					45684	
6	"France"	1961	1959	2.4145619869232178	26.211549758911133						46163	
6	"France"	1962	2099	5.247250080108643	24.8985595703125						46998	
6	"France"	1963	2205	4.939690113067627	25.005908966064453						47816	
6	"France"	1964	2367	3.2293379306793213	25.622961044311523						48310	
6	"France"	1965	2526	2.714740037918091	25.74950408935547	25.799999237060547					48758	
6	"France"	1966	2728	2.570720911026001	26.475940704345703						49164	
6	"France"	1967	2915	2.818319082260132	26.188457489013672						49548	
6	"France"	1968	3163	4.552128791809082	26.571319580078125						49916	
6	"France"	1969	3531	6.039326190948486	28.739580154418945						50318	
6	"France"	1970	3857	5.845475196838379	31.085830688476562	26					50772	
6	"France"	1971	4203	5.3975138664245605	31.760961532592773					38.649269104003906	51251	
6	"France"	1972	4535	6.063004016876221	32.39191818237305					38.697898864746094	51701	
6	"France"	1973	5008	7.380597114562988	34.27933883666992					37.940670013427734	52119	
6	"France"	1974	5594	13.649319648742676	42.39096450805664					37.56776809692383	52461	
6	"France"	1975	6077	11.685930252075195	36.92750549316406	26.799999237060547				37.66209030151367	52699	
6	"France"	1976	6673	9.625493049621582	39.892372131347656					37.49076843261719	52909	
6	"France"	1977	7292	9.494556427001953	40.8498649597168					36.881019592285156	53145	
6	"France"	1978	8031	9.250558853149414	39.488529205322266					36.23006057739258	53376	
6	"France"	1979	8948	10.646739959716797	41.879051208496094					35.840728759765625	53606	
6	"France"	1980	9891	13.53911018371582	44.269317626953125	34.5	0.2780599892139435	0.3287000060081482	27.236000061035156	36.03030014038086	53880	
6	"France"	1981	10929	13.333330154418945	46.1019401550293					35.17298889160156	54182	
6	"France"	1982	11869	11.978480339050293	45.501304626464844					34.09864044189453	54483	
6	"France"	1983	12518	9.459547996520996	45.127838134765625					33.51457977294922	54772	
6	"France"	1984	13145	7.673802852630615	47.646427154541016					33.121158599853516	55026	
6	"France"	1985	13746	5.831099033355713	47.159175872802734	36.29999923706055				32.78712844848633	55284	
6	"France"	1986	14308	2.538527011871338	41.34467315673828					31.8039493560791	55547	
6	"France"	1987	14940	3.28889799118042	41.144371032714844					30.9401798248291	55824	
6	"France"	1988	16040	2.700817108154297	42.52645492553711					30.74394989013672	56118	
6	"France"	1989	17193	3.4983019828796387	45.68644332885742					30.221960067749023	56423	
6	"France"	1990	18244	3.3800570964813232	45.13056945800781	36.900001525878906				29.699979782104492	56709	
6	"France"	1991	19021	3.2169349193573	45.04747009277344					29.520160675048828	56976	
6	"France"	1992	19746	2.36576509475708	44.026119232177734					29.157129287719727	57240	
6	"France"	1993	19920	2.1060099601745605	41.841209411621094					27.451250076293945	57467	
6	"France"	1994	20695	1.6608730554580688	43.4013786315918					27.180950164794922	57659	
6	"France"	1995	21545	1.77811598777771	44.691410064697266	37.29999923706055				27.27589988708496	57844	
6	"France"	1996	22288	2.008362054824829	45.604461669921875					26.606609344482422	58026	
6	"France"	1997	23370	1.2003220319747925	49.36040115356445					26.041229248046875	58208	
6	"France"	1998	24412	0.6725971102714539						25.945640563964844	58398	
6	"France"	1999	25111	0.5						25.492639541625977	58647	
6	"France"	2000	26690	1.6915420293807983		37.29999923706055				25.481189727783203	58970	
6	"France"	2001	28043	1.663404941558838						25.501699447631836	59322	
6	"France"	2002	28829	1.9249279499053955						25.308120727539062	59678	
6	"France"	2003	29210	2.101038932800293						24.473569869995117	60028	
7	"West Germany"	1960	2284		35.45968246459961	61				44.98724365234375	55585	
7	"West Germany"	1961	2388	2.51572322845459	33.83678436279297						56175	
7	"West Germany"	1962	2527	2.7607362270355225	33.46637725830078						56837	
7	"West Germany"	1963	2610	2.985074520111084	34.16062927246094						57389	
7	"West Germany"	1964	2806	2.318840503692627	34.566139221191406						57971	
7	"West Germany"	1965	3005	3.3994333744049072	35.81679916381836	58.900001525878906					58619	
7	"West Germany"	1966	3168	3.5616438388824463	36.62822723388672						59148	
7	"West Germany"	1967	3241	1.5873016119003296	37.226661682128906						59286	
7	"West Germany"	1968	3571	1.0416666269302368	39.09016036987305						59500	
7	"West Germany"	1969	3998	2.0618555545806885	40.57123565673828						60067	
7	"West Germany"	1970	4367	3.2828283309936523	40.31837844848633	57				38.21701431274414	60651	
7	"West Germany"	1971	4686	5.134474277496338	39.73991394042969					48.001258850097656	61302	
7	"West Germany"	1972	5055	5.348837375640869	39.230003356933594					46.94689178466797	61672	
7	"West Germany"	1973	5553	6.84326696395874	40.75988006591797					46.534358978271484	61976	
7	"West Germany"	1974	6074	6.818181991577148	48.3936882019043					45.70886993408203	62054	
7	"West Germany"	1975	6603	5.996131420135498	46.457828521728516	46.79999923706055				43.37009048461914	61829	
7	"West Germany"	1976	7367	4.379561901092529	49.10308074951172					43.613609313964844	61531	
7	"West Germany"	1977	8090	3.4965035915374756	48.56478500366211					43.166019439697266	61400	
7	"West Germany"	1978	8928	2.5337836742401123	47.07179260253906					42.96508026123047	61327	
7	"West Germany"	1979	10067	3.7891268730163574	49.48575210571289					43.080989837646484	61359	
7	"West Germany"	1980	11083	5.238095283508301	53.336185455322266	52.5	0.33737999200820923	0.3256399929523468	27.01799774169922	36.042030334472656	61566	
7	"West Germany"	1981	12115	6.334841728210449	56.67341995239258					35.42348861694336	61682	
7	"West Germany"	1982	12761	5.390070915222168	57.34183883666992					34.778472900390625	61638	
7	"West Germany"	1983	13519	3.2301480770111084	55.48263931274414					35.08514404296875	61423	
7	"West Germany"	1984	14481	2.3468058109283447	58.791812896728516					34.51585006713867	61175	
7	"West Germany"	1985	15291	2.0382165908813477	61.519432067871094	58.5				34.85138702392578	61024	
7	"West Germany"	1986	15998	-0.24968789517879486	55.11741256713867					34.36679458618164	61066	
7	"West Germany"	1987	16679	0.1251564472913742	52.91487503051758					34.090187072753906	61077	
7	"West Germany"	1988	17786	1.125	53.910343170166016					33.772335052490234	61450	
7	"West Germany"	1989	18994	2.8430161476135254	57.664852142333984					33.962730407714844	62063	
7	"West Germany"	1990	20465	2.764423131942749	58.36149978637695	56.20000076293945					63254	
7	"West Germany"	1991	21602	3.742690086364746							79984	
7	"West Germany"	1992	22154	4.058624744415283							80595	
7	"West Germany"	1993	21878	3.683640241622925							81179	
7	"West Germany"	1994	22371	2.821316719055176							81422	
7	"West Germany"	1995	23035	1.6260162591934204							81661	
7	"West Germany"	1996	23742	1.2999999523162842							81895	
7	"West Germany"	1997	24156	1.776900291442871							82052	
7	"West Germany"	1998	24931	0.872938871383667							82029	
7	"West Germany"	1999	25755	0.6730769276618958							82024	
7	"West Germany"	2000	26943								82160	
7	"West Germany"	2001	27449								82277	
7	"West Germany"	2002	28348								82456	
7	"West Germany"	2003	28855								82502	
8	"Italy"	1960	1620		26.573429107666016	13.899999618530273					48967	
8	"Italy"	1961	1763	2.7027029991149902	26.883281707763672						49156	
8	"Italy"	1962	1900	3.9473679065704346	27.117237091064453						49563	
8	"Italy"	1963	2021	7.594936847686768	27.785470962524414						49936	
8	"Italy"	1964	2093	5.882352828979492	26.755199432373047						50439	
8	"Italy"	1965	2205	4.4444451332092285	27.67775535583496	14.100000381469727					50840	
8	"Italy"	1966	2400	3.1914889812469482	29.03005599975586						51227	
8	"Italy"	1967	2624	3.092782974243164	29.300256729125977						51664	
8	"Italy"	1968	2910	2	29.876672744750977						52042	
8	"Italy"	1969	3227	1.9607839584350586	31.844768524169922						52376	
8	"Italy"	1970	3602	4.807693004608154	32.85418701171875	17.5					52771	
8	"Italy"	1971	3834	5.504587173461914	33.22465896606445					40.385379791259766	53124	
8	"Italy"	1972	4101	5.217391014099121	34.73353958129883					39.514869689941406	53499	
8	"Italy"	1973	4594	10.743800163269043	36.74185562133789					40.68503952026367	53882	
8	"Italy"	1974	5240	19.40298080444336	44.55847930908203					42.32258987426758	54390	
8	"Italy"	1975	5601	16.875	41.324771881103516	18.600000381469727				41.313690185546875	54764	
8	"Italy"	1976	6288	16.577539443969727	45.42570114135742					42.21162033081055	55070	
8	"Italy"	1977	6821	17.431190490722656	45.85133361816406					41.67761993408203	55266	
8	"Italy"	1978	7542	12.109379768371582	45.114742279052734					41.04507064819336	55446	
8	"Italy"	1979	8594	14.634149551391602	47.70630645751953					40.67570877075195	55602	
8	"Italy"	1980	9643	21.276599884033203	46.654396057128906	29.200000762939453	0.3727799952030182	0.3245199918746948	26.72800064086914	40.37955856323242	55657	
8	"Italy"	1981	10593	17.794490814208984	48.836246490478516					39.03865051269531	55774	
8	"Italy"	1982	11275	16.382980346679688	47.11219787597656					38.13298034667969	55995	
8	"Italy"	1983	11812	14.625229835510254	43.48411560058594					36.95853042602539	56228	
8	"Italy"	1984	12543	10.845290184020996	45.80588912963867					36.528419494628906	56344	
8	"Italy"	1985	13285	9.208633422851562	46.10847473144531	30.299999237060547				36.09994125366211	56498	
8	"Italy"	1986	13896	5.797101020812988	38.9410285949707					34.89699935913086	56576	
8	"Italy"	1987	14688	4.7322540283203125	38.36825180053711					34.57809829711914	56664	
8	"Italy"	1988	15784	5.1129608154296875	37.962684631347656					34.441070556640625	56763	
8	"Italy"	1989	16875	6.221718788146973	40.16733932495117					34.55434036254883	56837	
8	"Italy"	1990	17946	6.496273040771484	40.04520034790039	31.5				33.89799880981445	56737	
8	"Italy"	1991	18845	6.300000190734863	37.98858642578125					32.91080093383789	56760	
8	"Italy"	1992	19367	5.079961776733398	39.34540557861328					32.38869094848633	56859	
8	"Italy"	1993	19778	4.47627592086792	42.43131637573242					31.354249954223633	56442	
8	"Italy"	1994	20577	4.027420997619629	45.07428741455078					31.301359176635742	56623	
8	"Italy"	1995	21532	5.244370937347412	51.247398376464844	32.400001525878906				31.50128936767578	56745	
8	"Italy"	1996	22235	3.9745240211486816	48.172119140625					30.50213050842285	56827	
8	"Italy"	1997	22810	2.0431060791015625	50.31563186645508					30.06422996520996	56941	
8	"Italy"	1998	23840	1.962939977645874						29.910030364990234	57040	
8	"Italy"	1999	24402	1.65562903881073						29.311410903930664	57078	
8	"Italy"	2000	25759	2.537687063217163		32				29.042739868164062	57189	
8	"Italy"	2001	26586	2.785166025161743						28.742929458618164	57348	
8	"Italy"	2002	27320	2.465320110321045						28.280139923095703	57474	
8	"Italy"	2003	27537	2.6725590229034424						27.804819107055664	57478	
9	"Netherlands"	1960	2113		90.88709259033203	11.100000381469727					11486	
9	"Netherlands"	1961	2111	1.7320929765701294	88.2129135131836						11639	
9	"Netherlands"	1962	2275	2.2860379219055176	86.70377349853516						11806	
9	"Netherlands"	1963	2360	3.343183994293213	87.91217041015625						11966	
9	"Netherlands"	1964	2566	5.790884017944336	86.5398178100586						12127	
9	"Netherlands"	1965	2739	5.79489803314209	83.92977142333984	13.600000381469727					12295	
9	"Netherlands"	1966	2874	5.796870231628418	82.38142395019531						12456	
9	"Netherlands"	1967	3078	3.486793041229248	79.59117889404297						12598	
9	"Netherlands"	1968	3399	3.6756129264831543	79.65446472167969						12730	
9	"Netherlands"	1969	3951	7.428249835968018	82.78465270996094						12878	
9	"Netherlands"	1970	4342	3.6799368858337402	88.73793029785156	45.79999923706055					13039	
9	"Netherlands"	1971	4705	7.4775800704956055	88.53602600097656					37.20112991333008	13194	
9	"Netherlands"	1972	4984	7.791749954223633	84.71720123291016					36.960201263427734	13329	
9	"Netherlands"	1973	5475	8.013519287109375	88.922119140625					36.77001953125	13439	
9	"Netherlands"	1974	6165	9.609367370605469	102.14022827148438					36.934268951416016	13545	
9	"Netherlands"	1975	6699	10.212730407714844	93.63817596435547	44.29999923706055				35.57052993774414	13666	
9	"Netherlands"	1976	7345	9.057486534118652	95.76620483398438					35.763511657714844	13774	
9	"Netherlands"	1977	7959	6.474102973937988	91.19661712646484					35.207820892333984	13856	
9	"Netherlands"	1978	8676	4.08001708984375	87.71375274658203					34.13188934326172	13942	
9	"Netherlands"	1979	9504	4.210453987121582	96.28680419921875					34.084468841552734	14038	
9	"Netherlands"	1980	10458	6.733320236206055	102.65745544433594	44.099998474121094	0.29368001222610474	0.307779997587204	21.84000015258789	34.51797866821289	14150	
9	"Netherlands"	1981	11304	6.7484660148620605	109.61194610595703					34.7464714050293	14247	
9	"Netherlands"	1982	11784	5.862069129943848	107.33930206298828					34.068931579589844	14313	
9	"Netherlands"	1983	12419	2.823019027709961	106.94978332519531					33.90657043457031	14367	
9	"Netherlands"	1984	13234	3.2734949588775635	114.40473175048828					34.551780700683594	14424	
9	"Netherlands"	1985	13938	2.223926067352295	116.7998275756836	44.70000076293945				34.868160247802734	14491	
9	"Netherlands"	1986	14613	0.1000249981880188	97.60882568359375					32.41933059692383	14572	
9	"Netherlands"	1987	15197	-0.7078024744987488	96.81970977783203					30.7618408203125	14665	
9	"Netherlands"	1988	16082	0.7463937997817993	101.08154296875					30.968660354614258	14760	
9	"Netherlands"	1989	17387	1.0821609497070312	106.49139404296875					30.665979385375977	14849	
9	"Netherlands"	1990	18665	3.2854690551757812	103.68212127685547	45.400001525878906				30.71949005126953	14951	
9	"Netherlands"	1991	19626	3.1333329677581787	103.30095672607422					30.419879913330078	15070	
9	"Netherlands"	1992	20224	3.1835811138153076	99.63787078857422					29.345670700073242	15184	
9	"Netherlands"	1993	20679	2.584182024002075	94.70642852783203					28.654130935668945	15290	
9	"Netherlands"	1994	21588	2.8015270233154297	95.98548126220703					28.544580459594727	15383	
9	"Netherlands"	1995	22585	2.0952820777893066	99.49503326416016	46.29999923706055				28.74622917175293	15459	
9	"Netherlands"	1996	23531	2.016666889190674	101.01142883300781					28.43317985534668	15531	
9	"Netherlands"	1997	24692	2.1565101146698	104.89993286132812					27.830150604248047	15611	
9	"Netherlands"	1998	25811	1.9830479621887207						27.106000900268555	15707	
9	"Netherlands"	1999	26654	2.211071014404297						26.313039779663086	15812	
9	"Netherlands"	2000	28467	2.523780107498169		45.400001525878906				26.798980712890625	15926	
9	"Netherlands"	2001	30359	4.534231185913086						26.62816047668457	16046	
9	"Netherlands"	2002	31284	3.4670679569244385						25.827680587768555	16149	
9	"Netherlands"	2003	31792	2.1146399974823							16224	
10	"Norway"	1960	1713		73.68096160888672	21.299999237060547					3585	
10	"Norway"	1961	1823	2.451107978820801	72.13997650146484						3615	
10	"Norway"	1962	1905	5.2685160636901855	69.34478759765625						3639	
10	"Norway"	1963	1991	2.587040901184082	70.4397964477539						3667	
10	"Norway"	1964	2112	5.679944038391113	71.78108215332031						3694	
10	"Norway"	1965	2268	4.259590148925781	71.81725311279297	22.399999618530273					3723	
10	"Norway"	1966	2417	3.2513370513916016	72.53379821777344						3753	
10	"Norway"	1967	2620	4.433394908905029	74.77305603027344						3785	
10	"Norway"	1968	2784	3.471534013748169	73.59362030029297						3819	
10	"Norway"	1969	3035	3.0674850940704346	72.03035736083984						3851	
10	"Norway"	1970	3213	10.56548023223877	74.13993072509766	31.100000381469727					3879	
10	"Norway"	1971	3523	6.258411884307861	73.0029067993164					31.944679260253906	3903	
10	"Norway"	1972	3814	7.219758987426758	70.42838287353516					32.230430603027344	3933	
10	"Norway"	1973	4138	7.442409992218018	76.50484466552734					32.27220916748047	3961	
10	"Norway"	1974	4728	9.41451358795166	83.2790298461914					33.08652877807617	3985	
10	"Norway"	1975	5458	11.707070350646973	78.76720428466797	34.79999923706055				34.62411880493164	4007	
10	"Norway"	1976	6116	9.175756454467773	79.93233489990234					34.20970153808594	4026	
10	"Norway"	1977	6742	9.043155670166016	78.6998291015625					34.07640075683594	4043	
10	"Norway"	1978	7412	8.151506423950195	72.2550048828125					35.43352127075195	4059	
10	"Norway"	1979	8354	4.759825229644775	77.27374267578125					38.27973937988281	4073	
10	"Norway"	1980	9557	10.896209716796875	80.33016204833984	39.29999923706055	0.33695998787879944	0.37417998909950256	31.5939998626709	40.388729095458984	4086	
10	"Norway"	1981	10548	13.637049674987793	79.64889526367188					40.6809196472168	4100	
10	"Norway"	1982	11205	11.37205982208252	78.18887329101562					40.848209381103516	4115	
10	"Norway"	1983	12022	8.41104793548584	76.31546020507812					42.047969818115234	4128	
10	"Norway"	1984	13220	6.279108047485352	77.48017120361328					43.46854019165039	4140	
10	"Norway"	1985	14354	5.665823936462402	78.74470520019531	41				42.85285186767578	4153	
10	"Norway"	1986	15184	7.186768054962158	72.85356903076172					36.270469665527344	4169	
10	"Norway"	1987	15823	8.725932121276855	67.69511413574219					35.80691909790039	4187	
10	"Norway"	1988	16299	6.698483943939209	67.40088653564453					34.00419998168945	4209	
10	"Norway"	1989	17043	4.555441856384277	73.29363250732422					35.52539825439453	4227	
10	"Norway"	1990	18004	4.113032817840576	74.7346420288086	69.5999984741211				35.660438537597656	4241	
10	"Norway"	1991	19212	3.420682907104492	72.62284851074219					34.55202102661133	4262	
10	"Norway"	1992	20185	2.342116117477417	69.54724884033203					34.17055130004883	4287	
10	"Norway"	1993	21088	2.271488904953003	70.12580108642578					33.764041900634766	4312	
10	"Norway"	1994	22534	1.398555040359497	70.58622741699219					34.25857925415039	4337	
10	"Norway"	1995	23874	2.4564049243927	70.10320281982422	66.69999694824219				35.352779388427734	4359	
10	"Norway"	1996	26263	1.258694052696228	72.61958312988281					37.72010040283203	4381	
10	"Norway"	1997	27776	2.5807409286499023	75.46217346191406					38.262901306152344	4405	
10	"Norway"	1998	27294	2.255686044692993	74.28208923339844					33.820289611816406	4432	
10	"Norway"	1999	30011	2.333138942718506						35.71146011352539	4462	
10	"Norway"	2000	36273	3.0860679149627686		62.5				42.95294952392578	4491	
10	"Norway"	2001	37078	3.017378091812134						40.87419891357422	4514	
10	"Norway"	2002	36617	1.2881460189819336						37.90837097167969	4538	
10	"Norway"	2003	37245	2.4753971099853516						37.516239166259766	4564	
12	"Switzerland"	1960	3387		53.253501892089844	21.799999237060547					5328	
12	"Switzerland"	1961	3625	1.8453710079193115	54.59318161010742						5434	
12	"Switzerland"	1962	3788	4.315616130828857	54.49474334716797						5574	
12	"Switzerland"	1963	3946	3.4397189617156982	53.692230224609375						5694	
12	"Switzerland"	1964	4158	3.0813140869140625	53.66071319580078						5789	
12	"Switzerland"	1965	4360	3.4145169258117676	55.15858840942383	22.299999237060547					5857	
12	"Switzerland"	1966	4575	4.7761311531066895	55.518733978271484						5918	
12	"Switzerland"	1967	4790	4.021478176116943	54.613895416259766						5992	
12	"Switzerland"	1968	5138	2.41235089302063	56.83709716796875						6068	
12	"Switzerland"	1969	5645	2.489006996154785	60.69416046142578						6136	
12	"Switzerland"	1970	6382	3.6160271167755127	63.58904266357422	38				36.266361236572266	6181	
12	"Switzerland"	1971	6938	6.573012828826904	60.33388900756836					35.986961364746094	6213	
12	"Switzerland"	1972	7406	6.660192012786865	58.81928634643555					35.70756149291992	6261	
12	"Switzerland"	1973	7998	8.755041122436523	59.54798126220703					35.42816162109375	6307	
12	"Switzerland"	1974	8800	9.76674747467041	63.378421783447266					35.148765563964844	6341	
12	"Switzerland"	1975	8934	6.696453094482422	56.72312545776367	36.400001525878906				34.7762336730957	6339	
12	"Switzerland"	1976	9368	1.7158620357513428	60.43211364746094					34.49683380126953	6303	
12	"Switzerland"	1977	10240	1.2852699756622314	66.9028091430664					34.217437744140625	6281	
12	"Switzerland"	1978	11003	1.0558140277862549	64.06974029541016					33.93803787231445	6282	
12	"Switzerland"	1979	12189	3.6476430892944336	67.31410217285156					33.65863800048828	6294	
12	"Switzerland"	1980	13853	4.022026062011719	72.83211517333984	54.29999923706055	0.3352400064468384	0.33744001388549805	30.963998794555664	32.869998931884766	6319	
12	"Switzerland"	1981	15338	6.4902191162109375	72.36986541748047					32.689998626708984	6354	
12	"Switzerland"	1982	15963	5.655211925506592	67.87425994873047					32.20000076293945	6391	
12	"Switzerland"	1983	16611	2.967686891555786	68.34943389892578					31.899999618530273	6419	
12	"Switzerland"	1984	17710	2.911207914352417	72.16822052001953					31.920000076293945	6442	
12	"Switzerland"	1985	18812	3.429986000061035	74.65241241455078	53.599998474121094				32.0099983215332	6470	
12	"Switzerland"	1986	19458	0.7407407164573669	70.62199401855469					31.889999389648438	6504	
12	"Switzerland"	1987	20120	1.4479639530181885	69.58219146728516					31.459999084472656	6545	
12	"Switzerland"	1988	21334	1.884477972984314	71.42003631591797					31.610000610351562	6593	
12	"Switzerland"	1989	22965	3.162964105606079	75.54489135742188					31.690000534057617	6647	
12	"Switzerland"	1990	24518	5.378739833831787	72.0016098022461	53.79999923706055				31.34000015258789	6712	
12	"Switzerland"	1991	24840	5.879392147064209	68.58638000488281					30.790000915527344	6800	
12	"Switzerland"	1992	25141	4.041076183319092	67.86860656738281					29.989999771118164	6875	
12	"Switzerland"	1993	25427	3.271796941757202	66.71021270751953					29.579999923706055	6938	
12	"Switzerland"	1994	26031	0.8584070801734924	66.58563232421875					30.40999984741211	6994	
12	"Switzerland"	1995	26485	1.798719048500061	66.15725708007812	54.79999923706055				29.829999923706055	7041	
12	"Switzerland"	1996	26394	0.8188244104385376	67.94027709960938					28.809999465942383	7072	
12	"Switzerland"	1997	27850	0.5215011835098267	75.34065246582031					28.190000534057617	7089	
12	"Switzerland"	1998	28835	0.01700969971716404						27.43000030517578	7110	
12	"Switzerland"	1999	28887	0.8248298764228821						27.43000030517578	7144	
12	"Switzerland"	2000	30461	1.5433919429779053		55				26.760000228881836	7184	
12	"Switzerland"	2001	30806	0.9883720874786377						27.350000381469727	7227	
12	"Switzerland"	2002	32751	0.6415001153945923						26.780000686645508	7285	
12	"Switzerland"	2003	33516	0.6292392015457153						26.450000762939453	7339	
14	"Japan"	1960	1010		20.954343795776367	30.899999618530273					94302	
14	"Japan"	1961	1143	5.404726028442383	20.12308692932129						94285	
14	"Japan"	1962	1262	6.773192882537842	18.67110252380371						95178	
14	"Japan"	1963	1374	7.661379814147949	18.861989974975586						96156	
14	"Japan"	1964	1546	3.8381741046905518	19.13273048400879						97186	
14	"Japan"	1965	1647	6.593407154083252	19.60080337524414	36.70000076293945					99209	
14	"Japan"	1966	1889	5.079662799835205	19.55724334716797						99054	
14	"Japan"	1967	2133	3.9778809547424316	19.05208969116211						100243	
14	"Japan"	1968	2496	5.3697028160095215	19.074674606323242						101408	
14	"Japan"	1969	2917	5.242591857910156	19.484798431396484						102648	
14	"Japan"	1970	3293	7.673266887664795	20.33049201965332	33					104665	
14	"Japan"	1971	3575	6.4169721603393555	20.70204734802246					45.170719146728516	105968	
14	"Japan"	1972	3988	4.824021816253662	18.858610153198242					44.57823944091797	107332	
14	"Japan"	1973	4491	11.645930290222168	20.046916961669922					45.357730865478516	108710	
14	"Japan"	1974	4778	23.154569625854492	27.945053100585938					43.63290023803711	110049	
14	"Japan"	1975	5300	11.782790184020996	25.552427291870117	38.099998474121094				41.405479431152344	111940	
14	"Japan"	1976	5768	9.349221229553223	26.312095642089844					41.484100341796875	113089	
14	"Japan"	1977	6344	8.158703804016113	24.552518844604492					40.43693923950195	114154	
14	"Japan"	1978	7084	4.2107977867126465	20.499784469604492					40.692161560058594	115174	
14	"Japan"	1979	8027	3.730787992477417	24.038238525390625					40.60047149658203	116133	
14	"Japan"	1980	8931	7.778707027435303	28.280385971069336	39.900001525878906	0.31988000869750977	0.41958001255989075	34.986000061035156	41.00014877319336	117060	
14	"Japan"	1981	9986	4.9113078117370605	28.649030685424805					40.916419982910156	117884	
14	"Japan"	1982	10813	2.736975908279419	28.35613441467285					40.320621490478516	118693	
14	"Japan"	1983	11346	1.882328987121582	26.096988677978516					39.472660064697266	119483	
14	"Japan"	1984	12064	2.2715799808502197	27.261157989501953					39.834510803222656	120235	
14	"Japan"	1985	12978	2.0236918926239014	25.541183471679688	41.900001525878906				39.59440994262695	121049	
14	"Japan"	1986	13590	0.6192548871040344	18.744871139526367					39.01245880126953	121672	
14	"Japan"	1987	14425	0.12501199543476105	17.556201934814453					38.942359924316406	122264	
14	"Japan"	1988	15862	0.672301173210144	17.79494285583496					39.11177062988281	122783	
14	"Japan"	1989	17269	2.2800989151000977	19.780059814453125					39.044010162353516	123255	
14	"Japan"	1990	18815	3.0594160556793213	20.647310256958008	44.5				39.36252975463867	123611	
14	"Japan"	1991	20055	3.240112066268921	18.7308292388916					39.0235481262207	124043	
14	"Japan"	1992	20648	1.7270100116729736	17.882680892944336					37.85884094238281	124452	
14	"Japan"	1993	21122	1.2840399742126465	16.31121063232422					36.38005828857422	124764	
14	"Japan"	1994	21757	0.7062026858329773	16.441240310668945					34.927730560302734	125034	
14	"Japan"	1995	22551	-0.1267320066690445	17.31402015686035	46.79999923706055				34.21718978881836	125570	
14	"Japan"	1996	23714	0.13535229861736298	19.33234977722168					33.917850494384766	125864	
14	"Japan"	1997	24478	1.7318580150604248	20.999900817871094					33.713951110839844	126166	
14	"Japan"	1998	24429	0.6560372114181519	21.144987106323242					32.704551696777344	126486	
14	"Japan"	1999	24709	-0.338255912065506						32.42955017089844	126686	
14	"Japan"	2000	26015	-0.6705297827720642		47.900001525878906				32.23115921020508	126926	
14	"Japan"	2001	26619	-0.7333943843841553						30.9619197845459	127291	
14	"Japan"	2002	27196	-0.9151204824447632						30.39851951599121	127435	
14	"Japan"	2003	28071	-0.2541942000389099							127619	
16	"Greece"	1960	707		21.312530517578125	7.900000095367432					8327	
16	"Greece"	1961	1028	1.9342360496520996	21.172319412231445						8398	
16	"Greece"	1962	1049	-0.37950658798217773	21.926023483276367						8448	
16	"Greece"	1963	1188	2.857142925262451	23.08808708190918						8480	
16	"Greece"	1964	1316	0.9259259104728699	23.294668197631836						8510	
16	"Greece"	1965	1492	3.1192660331726074	24.24563980102539	9.800000190734863					8550	
16	"Greece"	1966	1634	4.982205867767334	24.71656036376953						8614	
16	"Greece"	1967	1754	1.6949150562286377	23.64206886291504						8716	
16	"Greece"	1968	1967	0.3333333134651184	23.10320281982422						8741	
16	"Greece"	1969	2298	2.4916939735412598	23.465282440185547						8773	
16	"Greece"	1970	2631	2.917341947555542	23.46262550354004	10.600000381469727					8793	
16	"Greece"	1971	2988	2.992125988006592	23.728755950927734					36.118080139160156	8769	
16	"Greece"	1972	3383	4.281344890594482	26.185028076171875					36.323570251464844	8889	
16	"Greece"	1973	3844	15.542519569396973	32.5339469909668					36.53493881225586	8929	
16	"Greece"	1974	3907	26.903549194335938	34.3408088684082					34.111148834228516	8962	
16	"Greece"	1975	4505	13.366669654846191	35.98082733154297	12.899999618530273				33.06772994995117	9046	
16	"Greece"	1976	5024	13.312259674072266	35.66825485229492					33.04417037963867	9167	
16	"Greece"	1977	5417	12.169960021972656	34.588294982910156					33.73072814941406	9309	
16	"Greece"	1978	6138	12.532529830932617	34.652000427246094					32.86336898803711	9430	
16	"Greece"	1979	6781	19.04615020751953	35.082427978515625					34.108978271484375	9548	
16	"Greece"	1980	7374	24.87480926513672	38.5904426574707	19.700000762939453	0.26565998792648315	0.34257999062538147	24.00200080871582	32.94260025024414	9642	
16	"Greece"	1981	7870	24.458959579467773	39.115352630615234					32.571678161621094	9730	
16	"Greece"	1982	8204	20.91897964477539	38.697322845458984					30.660640716552734	9790	
16	"Greece"	1983	8388	20.241670608520508	40.9749755859375					31.31060028076172	9847	
16	"Greece"	1984	8834	18.448959350585938	42.330806732177734					30.461729049682617	9896	
16	"Greece"	1985	9297	19.302560806274414	44.363792419433594	23.700000762939453				30.456939697265625	9934	
16	"Greece"	1986	9525	23.021089553833008	43.68021011352539					31.09041976928711	9964	
16	"Greece"	1987	9548	16.384950637817383	46.11131286621094					29.96099090576172	9984	
16	"Greece"	1988	10277	13.526749610900879	44.24684524536133					29.37480926513672	10005	
16	"Greece"	1989	11036	13.699999809265137	45.67035675048828					28.535900115966797	10038	
16	"Greece"	1990	11405	20.404569625854492	44.88119125366211	28.700000762939453				28.196739196777344	10089	
16	"Greece"	1991	11971	19.472850799560547	43.14999008178711					26.52802085876465	10256	
16	"Greece"	1992	12198	15.865900039672852	43.44935989379883					25.661230087280273	10370	
16	"Greece"	1993	12166	14.41448974609375	41.309959411621094					25.507780075073242	10466	
16	"Greece"	1994	12566	10.922789573669434	40.282569885253906					24.363510131835938	10553	
16	"Greece"	1995	12991	8.937056541442871	40.81808090209961	31.799999237060547				23.08669090270996	10634	
16	"Greece"	1996	13418	8.196219444274902	40.40134048461914					23.02569007873535	10709	
16	"Greece"	1997	14127	5.538972854614258	39.68484115600586					21.59255027770996	10777	
16	"Greece"	1998	14665	4.766225814819336						22.343320846557617	10835	
16	"Greece"	1999	15213	2.6367828845977783						22.295839309692383	10883	
16	"Greece"	2000	16272	3.150125026702881		33.79999923706055				22.82801055908203	10918	
16	"Greece"	2001	17332	3.3749959468841553						23.4864501953125	10950	
16	"Greece"	2002	19119	3.629228115081787						23.210430145263672	10988	
16	"Greece"	2003	20479	3.5305569171905518						23.83000946044922	11024	
18	"Portugal"	1960	728		37.353939056396484	3.5					9077	
18	"Portugal"	1961	783	1.5490020513534546	39.98289489746094						8986	
18	"Portugal"	1962	848	2.6620709896087646	38.3217887878418						9054	
18	"Portugal"	1963	905	2.021573066711426	39.37736511230469						9109	
18	"Portugal"	1964	979	3.4000000953674316	50.41978454589844						9136	
18	"Portugal"	1965	1084	3.4816250801086426	52.90273666381836	3.9000000953674316					9122	
18	"Portugal"	1966	1170	5.04672908782959	52.80591583251953						9096	
18	"Portugal"	1967	1293	5.516014099121094	51.549598693847656						9110	
18	"Portugal"	1968	1475	6.070827007293701	49.794837951660156						9120	
18	"Portugal"	1969	1592	7.402512073516846	48.176414489746094						9075	
18	"Portugal"	1970	1916	4.533332824707031	50.21158218383789	6.800000190734863					8663	
18	"Portugal"	1971	2153	7.49607515335083	51.907047271728516					35.137760162353516	8624	
18	"Portugal"	1972	2420	8.944869995117188	53.73325729370117					35.94559097290039	8637	
18	"Portugal"	1973	2845	10.355230331420898	54.88760757446289					35.96345901489258	8630	
18	"Portugal"	1974	3048	27.968420028686523	62.633426666259766					37.54447937011719	8879	
18	"Portugal"	1975	3045	20.408159255981445	48.22216796875	9.600000381469727				35.21149826049805	9308	
18	"Portugal"	1976	3407	18.249900817871094	43.77533721923828					34.725379943847656	9403	
18	"Portugal"	1977	3784	27.191669464111328	47.037315368652344					34.72417068481445	9508	
18	"Portugal"	1978	4120	22.642990112304688	47.753604888916016					33.1532096862793	9609	
18	"Portugal"	1979	4663	23.537580490112305	58.92995834350586					31.94780921936035	9714	
18	"Portugal"	1980	5263	16.691890716552734	62.97908020019531	10.600000381469727	0.2408200055360794	0.29798001050949097	26.488000869750977	32.877769470214844	9819	
18	"Portugal"	1981	5812	20.040760040283203	64.51056671142578					33.939849853515625	9884	
18	"Portugal"	1982	6263	22.730220794677734	64.73094177246094					33.64522171020508	9939	
18	"Portugal"	1983	6479	25.105640411376953	68.44718170166016					34.49607849121094	9970	
18	"Portugal"	1984	6570	28.7833309173584	74.85384368896484					32.8418083190918	10009	
18	"Portugal"	1985	6959	19.64539909362793	71.50999450683594	13.699999809265137				32.82257843017578	10014	
18	"Portugal"	1986	7414	11.763110160827637	62.80073547363281					30.644540786743164	10007	
18	"Portugal"	1987	8126	9.343148231506348	69.239013671875					30.372629165649414	9981	
18	"Portugal"	1988	9057	9.69704818725586	73.4291763305664					32.474510192871094	9955	
18	"Portugal"	1989	10042	12.61655044555664	75.04156494140625					32.344390869140625	9920	
18	"Portugal"	1990	10894	13.37246036529541	75.17774963378906	14.800000190734863				31.71347999572754	9873	
18	"Portugal"	1991	11783	10.926230430603027	69.9081802368164					30.284439086914062	9860	
18	"Portugal"	1992	12219	8.941666603088379	65.14225006103516					30.279199600219727	9833	
18	"Portugal"	1993	12236	6.501951217651367	62.44868850708008					29.602569580078125	9840	
18	"Portugal"	1994	12614	5.2143940925598145	65.60572052001953					30.64366912841797	9840	
18	"Portugal"	1995	13413	4.123147964477539	68.57444763183594	14.699999809265137				31.498079299926758	9847	
18	"Portugal"	1996	13974	3.120697021484375	69.22181701660156					31.741540908813477	9866	
18	"Portugal"	1997	14804	2.161612033843994	71.54988861083984					31.639490127563477	9878	
18	"Portugal"	1998	15401	2.716439962387085						31.136289596557617	10129	
18	"Portugal"	1999	16363	2.3038859367370605						30.415849685668945	10171	
18	"Portugal"	2000	17353	2.8467209339141846		14.899999618530273				29.993419647216797	10229	
18	"Portugal"	2001	18071	4.39475679397583						29.3924503326416	10305	
18	"Portugal"	2002	18799	3.5450520515441895						28.688180923461914	10380	
18	"Portugal"	2003	17603	3.2833330631256104							10449	
19	"Spain"	1960	1074		16.249818801879883	3.9000000953674316					30256	
19	"Spain"	1961	1201	2.0059189796447754	17.63880157470703						30558	
19	"Spain"	1962	1335	5.634758949279785	19.606128692626953						30926	
19	"Spain"	1963	1467	8.804627418518066	19.679719924926758						31292	
19	"Spain"	1964	1554	6.9501872062683105	21.49239158630371						31659	
19	"Spain"	1965	1678	13.236379623413086	22.70879364013672	4.599999904632568					32025	
19	"Spain"	1966	1841	6.194115161895752	23.890323638916016						32392	
19	"Spain"	1967	1954	6.414575099945068	21.746919631958008						32758	
19	"Spain"	1968	2160	4.963315010070801	24.65740203857422						33125	
19	"Spain"	1969	2447	2.1244521141052246	26.033092498779297						33491	
19	"Spain"	1970	2715	5.757616996765137	27.450756072998047	5.800000190734863					33859	
19	"Spain"	1971	2951	8.236041069030762	27.574125289916992					40.66722106933594	34216	
19	"Spain"	1972	3293	8.289365768432617	28.926591873168945					41.69329071044922	34572	
19	"Spain"	1973	3710	11.390210151672363	29.88689422607422					42.232669830322266	34921	
19	"Spain"	1974	4227	15.717340469360352	33.60297393798828					43.172298431396484	35288	
19	"Spain"	1975	4600	16.9256591796875	30.851402282714844	8.199999809265137				42.083221435546875	35688	
19	"Spain"	1976	4965	17.629310607910156	31.890625					41.38425064086914	36118	
19	"Spain"	1977	5364	24.526689529418945	30.979394912719727					40.52180862426758	36564	
19	"Spain"	1978	5761	19.784210205078125	29.5208683013916					39.43257141113281	36971	
19	"Spain"	1979	6188	15.669010162353516	29.626319885253906					38.96561050415039	37289	
19	"Spain"	1980	6856	15.54988956451416	33.522945404052734	13.300000190734863	0.25176000595092773	0.3132399916648865	24.56800079345703	38.56755065917969	37527	
19	"Spain"	1981	7447	14.557040214538574	37.42520523071289					37.67301940917969	37741	
19	"Spain"	1982	7957	14.407959938049316	38.388614654541016					37.06180953979492	37944	
19	"Spain"	1983	8378	12.177450180053711	41.89353561401367					36.794498443603516	38123	
19	"Spain"	1984	8812	11.274330139160156	43.4470100402832					35.920799255371094	38279	
19	"Spain"	1985	9259	8.817526817321777	43.49967956542969	17.600000381469727				36.209068298339844	38420	
19	"Spain"	1986	9744	8.796503067016602	37.577762603759766					36.654300689697266	38537	
19	"Spain"	1987	10542	5.2462592124938965	38.54277801513672					36.09407043457031	38632	
19	"Spain"	1988	11434	4.840478897094727	38.83915710449219					35.931400299072266	38717	
19	"Spain"	1989	12417	6.791468143463135	39.45245361328125					36.21815872192383	38792	
19	"Spain"	1990	13365	6.717939853668213	37.502689361572266	25.5				35.47665023803711	38851	
19	"Spain"	1991	14152	5.935327053070068	37.407081604003906					34.68851089477539	38940	
19	"Spain"	1992	14564	5.925724029541016	38.039649963378906					32.861900329589844	39069	
19	"Spain"	1993	14699	4.568635940551758	39.409481048583984					31.168209075927734	39190	
19	"Spain"	1994	15325	4.718468189239502	44.39643859863281					30.55055046081543	39296	
19	"Spain"	1995	16032	4.674753189086914	47.852901458740234	28.600000381469727				30.98291015625	39388	
19	"Spain"	1996	16720	3.5585060119628906	50.073299407958984					30.458669662475586	39479	
19	"Spain"	1997	17420	1.9707080125808716	55.558650970458984					30.4414005279541	39583	
19	"Spain"	1998	18479	1.833536982536316	57.125301361083984					30.196670532226562	39722	
19	"Spain"	1999	19817	2.3106720447540283						29.989200592041016	39927	
19	"Spain"	2000	21074	3.4326140880584717		30.700000762939453				30.193700790405273	40264	
19	"Spain"	2001	22257	3.5911009311676025						29.92884063720703	40721	
19	"Spain"	2002	23756	3.066776990890503						29.68475914001465	41314	
19	"Spain"	2003	24812	3.0334739685058594						29.586519241333008	42005	
20	"Australia"	1960	2373		31.26643943786621	50.400001525878906					10275	
20	"Australia"	1961	2346	2.512131929397583	29.821073532104492						10508	
20	"Australia"	1962	2539	-0.27847400307655334	30.158544540405273						10701	
20	"Australia"	1963	2717	0.530578076839447	32.055397033691406						10907	
20	"Australia"	1964	2873	2.3611109256744385	31.527284622192383						11122	
20	"Australia"	1965	2973	3.962007999420166	31.035598754882812	48.900001525878906					11341	
20	"Australia"	1966	3230	2.9757239818573	29.97315216064453						11600	
20	"Australia"	1967	3404	3.193916082382202	30.114192962646484						11799	
20	"Australia"	1968	3788	2.6529109477996826	28.348594665527344						12009	
20	"Australia"	1969	4162	2.919358968734741	29.821142196655273						12263	
20	"Australia"	1970	4490	3.9060680866241455	28.962432861328125	48.29999923706055					12507	
20	"Australia"	1971	4677	6.063995838165283	27.807472229003906					37.2935905456543	13067	
20	"Australia"	1972	5013	5.864978790283203	27.70298957824707					36.800880432128906	13304	
20	"Australia"	1973	5595	9.465922355651855	29.44040298461914					35.435848236083984	13505	
20	"Australia"	1974	6024	15.110139846801758	31.63861083984375					36.88676071166992	13723	
20	"Australia"	1975	6683	15.07196044921875	28.900405883789062	47				37.104549407958984	13893	
20	"Australia"	1976	7140	13.523909568786621	31.207616806030273					36.66529083251953	14033	
20	"Australia"	1977	7482	12.300239562988281	30.863096237182617					35.999359130859375	14192	
20	"Australia"	1978	8272	7.9236741065979	32.15132141113281					35.6528205871582	14359	
20	"Australia"	1979	9174	9.090001106262207	34.958309173583984					35.810569763183594	14516	
20	"Australia"	1980	10203	10.126580238342285	33.86125183105469	47.5	0.3172999918460846	0.31797999143600464	29.695999145507812	37.02669906616211	14695	
20	"Australia"	1981	11513	9.691744804382324	33.17372512817383					35.924339294433594	14923	
20	"Australia"	1982	11537	11.145509719848633	31.657737731933594					34.74367141723633	15184	
20	"Australia"	1983	12300	10.11355972290039	30.678138732910156					34.82569885253906	15394	
20	"Australia"	1984	13120	3.9501850605010986	34.64099884033203					35.299659729003906	15579	
20	"Australia"	1985	14019	6.739048957824707	35.246246337890625	48.400001525878906				35.072879791259766	15788	
20	"Australia"	1986	14537	9.084531784057617	34.74440002441406					32.77785873413086	16018	
20	"Australia"	1987	15554	8.48874568939209	34.72343826293945					31.358810424804688	16264	
20	"Australia"	1988	16524	7.231771945953369	34.08369445800781					29.875179290771484	16532	
20	"Australia"	1989	17255	7.559424877166748	34.35853576660156					29.96091079711914	16814	
20	"Australia"	1990	17322	7.2722601890563965	34.461769104003906	48.400001525878906				28.966800689697266	17065	
20	"Australia"	1991	17652	3.22268009185791	35.237640380859375					28.167999267578125	17284	
20	"Australia"	1992	18496	0.98591548204422	37.692569732666016					27.971660614013672	17495	
20	"Australia"	1993	19432	1.8131099939346313	38.35179138183594					28.009180068969727	17667	
20	"Australia"	1994	20583	1.8949769735336304	39.71842956542969					28.13991928100586	17855	
20	"Australia"	1995	21773	4.63813591003418	40.15325927734375	48.599998474121094				27.82765007019043	18072	
20	"Australia"	1996	22562	2.612420082092285	39.977378845214844					27.102319717407227	18311	
20	"Australia"	1997	23649	0.25041741132736206	42.17679977416992					27.076690673828125	18518	
20	"Australia"	1998	24853	0.8534554243087769	41.364959716796875					26.283130645751953	18711	
20	"Australia"	1999	26283	1.4654279947280884						26.19072914123535	18926	
20	"Australia"	2000	27403	4.475183010101318		43.599998474121094				25.566680908203125	19153	
20	"Australia"	2001	28492	4.38084077835083						25.43910026550293	19413	
20	"Australia"	2002	29819	3.003170967102051						25.949520111083984	19641	
20	"Australia"	2003	31273	2.770735025405884							19873	
21	"New Zealand"	1960	2545		52.548824310302734	58					2377	
21	"New Zealand"	1961	2659	1.8302830457687378	52.9445686340332						2427	
21	"New Zealand"	1962	2713	2.6960790157318115	48.80368423461914						2485	
21	"New Zealand"	1963	2866	1.9093079566955566	53.8449592590332						2537	
21	"New Zealand"	1964	3001	3.43481707572937	50.79602813720703						2589	
21	"New Zealand"	1965	3224	3.396225929260254	44.78164291381836	54.29999923706055					2635	
21	"New Zealand"	1966	3481	2.7737228870391846	45.967166900634766						2683	
21	"New Zealand"	1967	3360	6.107954978942871	39.77976608276367						2728	
21	"New Zealand"	1968	3489	4.283802032470703	44.66377258300781						2754	
21	"New Zealand"	1969	3969	4.878048896789551	46.90852355957031						2780	
21	"New Zealand"	1970	4136	6.548346996307373	48.32402420043945	54.5					2820	
21	"New Zealand"	1971	4438	10.303030014038086	45.48152542114258					34.02939987182617	2864	
21	"New Zealand"	1972	4780	6.776556968688965	47.43124008178711					33.20893859863281	2913	
21	"New Zealand"	1973	5335	8.2332763671875	49.57340621948242					32.45180130004883	2971	
21	"New Zealand"	1974	6041	11.25197982788086	55.45851516723633					35.5166015625	3032	
21	"New Zealand"	1975	6382	14.52991008758545	54.88924789428711	57.099998474121094				34.5290412902832	3087	
21	"New Zealand"	1976	6748	16.791040420532227	57.8892822265625					34.71202087402344	3116	
21	"New Zealand"	1977	6867	14.58998966217041	56.79647445678711					32.95465850830078	3128	
21	"New Zealand"	1978	7301	11.895910263061523	55.041866302490234					32.50107955932617	3129	
21	"New Zealand"	1979	7915	13.704319953918457	61.897544860839844					32.65748977661133	3124	
21	"New Zealand"	1980	8656	17.092769622802734	62.08681106567383	46.099998474121094	0.2666400074958801	0.2951599955558777	25.52199935913086	32.185760498046875	3144	
21	"New Zealand"	1981	9736	15.346229553222656	62.4466667175293					34.01445007324219	3157	
21	"New Zealand"	1982	10687	16.170900344848633	62.35155487060547					34.555931091308594	3183	
21	"New Zealand"	1983	11262	7.355679988861084	61.91337203979492					33.403709411621094	3226	
21	"New Zealand"	1984	12141	6.201213836669922	70.57388305664062					34.586429595947266	3258	
21	"New Zealand"	1985	12556	15.39404010772705	64.61286926269531	46.599998474121094				33.26813888549805	3272	
21	"New Zealand"	1986	13085	13.217820167541504	55.481040954589844					31.919950485229492	3277	
21	"New Zealand"	1987	13402	15.74114990234375	52.39779281616211					30.22941017150879	3304	
21	"New Zealand"	1988	13569	6.3751420974731445	50.6252555847168					28.58742904663086	3317	
21	"New Zealand"	1989	14124	7.490602970123291	53.819305419921875					29.190990447998047	3330	
21	"New Zealand"	1990	14420	5.506608009338379	54.535011291503906	24.100000381469727				27.921920776367188	3363	
21	"New Zealand"	1991	14252	1.6701459884643555	56.428131103515625					27.33919906616211	3495	
21	"New Zealand"	1992	14679	1.0266940593719482	61.140541076660156					27.118379592895508	3532	
21	"New Zealand"	1993	15605	1.4227639436721802	59.26333999633789					27.069210052490234	3572	
21	"New Zealand"	1994	16686	2.4048099517822266	60.43647003173828					27.76848030090332	3620	
21	"New Zealand"	1995	17402	3.7398369312286377	58.59611129760742	26.600000381469727				26.990320205688477	3673	
21	"New Zealand"	1996	17879	2.2988510131835938	57.031070709228516					26.74216079711914	3732	
21	"New Zealand"	1997	18510	1.1746679544448853	57.13209915161133					26.506790161132812	3781	
21	"New Zealand"	1998	18669	1.2872289419174194						25.276569366455078	3815	
21	"New Zealand"	1999	19937	-0.12459509819746017						25.51297950744629	3835	
21	"New Zealand"	2000	20789	2.6197609901428223		26.299999237060547				25.29167938232422	3858	
21	"New Zealand"	2001	21825	2.625821113586426							3881	
21	"New Zealand"	2002	22662	2.677090883255005							3939	
21	"New Zealand"	2003	23728	1.7535760402679443							4009	
